config tag,soundness_bugs_found,soundness_bugs_foundStd,bugs_found,bugs_foundStd,SoundnessBugEfficiencyAdj,SoundnessBugEfficiencyAdjStd,BugEfficiencyAdj,BugEfficiencyAdjStd,sounds_adjPVal,bugs_adjPVal,SoundnessBugEfficiencyAdjPVal,BugEfficiencyAdjPVal
ADOMAIN,6.466666666666667,0.5713464637233658,36.63333333333333,1.4499306364701419,1.8948740089415188,0.1675104675132193,5.450186382714394,0.4045488793181919,0.0,0.0,0.0105,0.0
ADOMAINE,0.0,0.0,0.0,0.0,0.0,0.0,0.0,0.0,0.0,0.0,0.0,0.0
CPOG,4.033333333333333,0.6149478998583783,38.93333333333333,1.1724814044061256,1.4110162180749195,0.21355321237152838,6.624381667796467,0.40655217312041764,0.2214,0.0,0.0,0.0
EFFINAL,3.3333333333333335,0.546672273590534,30.966666666666665,0.9278574999588488,1.122689930632018,0.2633199744084665,6.238516416118001,0.44382587291039216,0.0,0.0,0.0,0.0
EXP,6.3,1.0221680811915899,40.1,1.5833182092441613,1.7079099672938114,0.2801437061422912,5.72946194449555,0.45046311363045616,0.0,0.0,0.0,0.0
LEAFEXP,6.0,0.7878385971583353,40.2,1.4948186373673196,1.609890353720485,0.20958092147355623,5.689358293257829,0.4057664003848839,0.0,0.0,0.0,0.0
LEAFLINEAR,5.3,0.5959634332684376,42.9,1.1846722229638322,1.08021507871324,0.120210311145767,4.532378351055682,0.22944866370711814,0.0,0.0,0.0,0.0
LEAFOPT,3.1333333333333333,0.34574590364176044,34.9,0.9228890171255882,1.9468531168514043,0.21563262343710887,10.500327153512849,0.5760696295800818,0.0,0.8063,0.1746,0.0
LEAFSOUND,7.033333333333333,1.0333518722845683,42.36666666666667,1.5643293888377892,1.3372505749141796,0.19152165611486754,4.526220968139271,0.3167219861338548,0.0,0.0,0.0,0.0
LINEAR,5.566666666666666,0.6260623155792926,43.46666666666667,1.8332810859848758,1.0796340575101804,0.1224876476752684,4.448353860585955,0.36043948700691547,0.0,0.0,0.0,0.0
MAXCONSTS10,0.0,0.0,0.0,0.0,0.0,0.0,0.0,0.0,0.0,0.0,0.0,0.0
MAXCONSTS5,0.0,0.0,0.0,0.0,0.0,0.0,0.0,0.0,0.0,0.0,0.0,0.0
MINCONSTS1,0.0,0.0,0.0,0.0,0.0,0.0,0.0,0.0,0.0,0.0,0.0,0.0
MINCONSTS3,0.0,0.0,0.0,0.0,0.0,0.0,0.0,0.0,0.0,0.0,0.0,0.0
MINCONSTS5,0.0,0.0,0.0,0.0,0.0,0.0,0.0,0.0,0.0,0.0,0.0,0.0
MULTIEF4,4.533333333333333,0.6288102248298565,36.3,1.149212624004982,1.7195688599871783,0.24017932801503197,6.941625002337247,0.4463900013456905,0.0184,0.0,0.0,0.0
MULTIEF5,4.833333333333333,0.9855274566525744,36.43333333333333,1.501340397280293,1.9553639576107622,0.398781213622618,7.444900210405996,0.6061805483117191,0.0024,0.0001,0.428,0.0
MULTIEF6,5.066666666666666,0.6914918072835208,36.46666666666667,1.5477087254553343,2.1509353496987975,0.29441567436358385,7.838924682917528,0.6490507923475309,0.0,0.0001,0.0496,0.0435
MULTIEF7,5.066666666666666,0.8276819867946674,36.7,1.4890404223224922,2.2308763800724125,0.36239352865958296,8.22132721041651,0.6840654367916331,0.0,0.0,0.0077,0.7078
MULTIEF8,4.766666666666667,0.6789105539243627,36.46666666666667,1.2793676598989838,2.1771191626723714,0.3099682321463203,8.418181657107642,0.5528585294804667,0.0003,0.0,0.024,0.0769
NOSKOLE,3.3333333333333335,0.47946330148538413,33.3,0.952311163288627,1.6808854382199718,0.24203396817552922,7.698301137942136,0.45716340600245037,0.0,0.0,0.0,0.0009
RBASE,3.533333333333333,0.5713464637233658,39.3,1.5789564428051408,0.610441767068273,0.13767384668032914,4.409638554216867,0.38047143200123884,0.0,0.0005,0.0,0.0
RBASE_SINGLE,1.22,0.4184519575964803,26.14,1.3402710660953046,2.650602409638554,5.041589850560002,61.927710843373546,16.147844169822946,0.0,0.0,0.4994,0.0
RELC10,5.233333333333333,0.7279320417946062,36.9,1.093870067301382,1.0309059729066647,0.14351568094967346,3.5260172563313477,0.21527289688490556,0.0,0.0022,0.0,0.0
RELC15,6.0,0.2626128657194451,36.8,0.7611243951073864,1.0155168439367623,0.053680464682587026,3.615217873149133,0.15516893272020235,0.0,0.0018,0.0,0.0
RELC2,3.433333333333333,0.5040069329937309,33.833333333333336,0.9855274566525734,1.2843740676434776,0.18856649776960702,5.910642444917816,0.3466935794222277,0.0,0.0001,0.0,0.0
RELC3,7.133333333333334,0.3457459036417604,38.96666666666667,0.7648904962570572,2.110434050223635,0.10227539503638314,5.907264348953529,0.22683936845809655,0.0,0.0,0.0329,0.0
RELC4,6.933333333333334,0.44977644510880366,39.03333333333333,0.7648904962570572,1.6716998009268988,0.1088568551951879,4.830105798417762,0.18298565643114062,0.0,0.0,0.0,0.0
RELC5,5.966666666666667,0.41384099339733377,37.86666666666667,1.0416609195243756,1.3257025808186798,0.09181647234304914,4.191880297752936,0.23085068846611576,0.0,0.0,0.0,0.0
REVSPLITSKOL,3.066666666666667,0.2537081317024625,33.53333333333333,1.1366415543118706,1.537178639120446,0.1270188134657909,7.786102504203896,0.5680140210111113,0.0,0.0,0.0,0.0123
SKOLU,4.2,0.40683810217248634,35.0,1.1744404390294072,2.020473671922191,0.19887875657519172,8.16077028362361,0.5544044469183039,1.0,1.0,1.0,1.0
SOUND,8.866666666666667,1.166584561971349,42.86666666666667,1.5916448515084436,1.7084213207193855,0.2450135805328042,4.7219586318507165,0.3267227188787152,0.0,0.0,0.0,0.0
SPLITSKOL,4.266666666666667,0.4497764451088038,35.13333333333333,0.9732042112432564,2.0684480843954076,0.2178835429419751,8.290364485477273,0.4718145608146341,0.5495,0.6293,0.3768,0.3337
UQUALOG,0.0,0.0,0.0,0.0,0.0,0.0,0.0,0.0,0.0,0.0,0.0,0.0
